0.99957
0.99953
0.99953
0.99950
0.99946
0.99944
0.99942
0.99943
0.99941
0.99939
0.99932
0.99930
0.99923
0.99919
0.99917
0.99906
0.99897
0.99894
0.99886
0.99879
0.99866
0.99849
0.99845
0.99818
0.99811
0.99793
0.99769
0.99764
0.99746
0.99689
0.99672
0.99636
0.99625
0.99602
0.99559
0.99502
0.99482
0.99436
0.99391
0.99319
0.99233
0.99146
0.99062
0.98962
0.98888
0.98699
0.98579
0.98526
0.98277
0.98136
0.97809
0.97443
0.97327
0.96906
0.96641
0.96256
0.95849
0.95781
0.94903
0.94380
0.93788
0.92572
0.92209
0.91419
0.90648
0.89637
0.88900
0.88112
0.86993
0.85582
0.84313
0.82348
0.81476
0.79789
0.79265
0.79109
0.77999
0.77901
0.79516
0.80187
0.00000